===============
1023 843
[[3, 2, 0], [81, 31, 0], [12, 1, 0], [9, 4, 0], [5, 3, 0], [1, 0, 0], [27, 3, 0], [131, 72, 0], [158, 58, 0], [236, 69, 0], [68, 22, 0], [24, 6, 0], [107, 0, 0], [99, 0, 0], [346, 0, 0]]
===============
碩士
8.3333,10.0503,31.2717
100.00% 5/5
14.13880353909183
大學
5.7143,17.6471,40.1338
85.60% 107/125
10.347779596842932
大專
五專
8.0089,30.0000,75.8976
86.54% 45/52
18.386979428182393
三專
二專
專科
高中
8.5000,20.6186,78.2779
84.49% 354/419
15.716593444812148
高職
國中
6.0000,20.2020,80.6452
82.95% 253/305
12.901544651510793
國小
10.0000,21.7266,80.0000
88.33% 106/120
18.276834134514104
小學
自述
7.6923,22.3611,66.6667
85.14% 470/552
14.282812632854247
自陳
兼衡
